3243
1 1 7 
1 2 6 
1 3 5 
1 4 4 
1 5 3 
1 6 2 
1 7 1 
2 1 6 
2 2 14 
2 3 13 
2 4 12 
2 5 11 
2 6 1 
2 6 10 
2 7 9 
2 8 8 
2 9 7 
2 10 6 
2 11 5 
2 12 4 
2 13 3 
2 14 2 
3 1 5 
3 2 13 
3 3 21 
3 4 20 
3 5 1 
3 5 19 
3 6 18 
3 7 17 
3 8 16 
3 9 15 
3 10 14 
3 11 13 
3 12 12 
3 13 2 
3 13 11 
3 14 10 
3 15 9 
3 16 8 
3 17 7 
3 18 6 
3 19 5 
3 20 4 
3 21 3 
4 1 4 
4 2 12 
4 3 20 
4 4 1 
4 4 28 
4 5 27 
4 6 26 
4 7 25 
4 8 24 
4 9 23 
4 10 22 
4 11 21 
4 12 2 
4 12 20 
4 13 19 
4 14 18 
4 15 17 
4 16 16 
4 17 15 
4 18 14 
4 19 13 
4 20 3 
4 20 12 
4 21 11 
4 22 10 
4 23 9 
4 24 8 
4 25 7 
4 26 6 
4 27 5 
4 28 4 
5 1 3 
5 2 11 
5 3 1 
5 3 19 
5 4 27 
5 5 35 
5 6 34 
5 7 33 
5 8 32 
5 9 31 
5 10 30 
5 11 2 
5 11 29 
5 12 28 
5 13 27 
5 14 26 
5 15 25 
5 16 24 
5 17 23 
5 18 22 
5 19 3 
5 19 21 
5 20 20 
5 21 19 
5 22 18 
5 23 17 
5 24 16 
5 25 15 
5 26 14 
5 27 4 
5 27 13 
5 28 12 
5 29 11 
5 30 10 
5 31 9 
5 32 8 
5 33 7 
5 34 6 
5 35 5 
6 1 2 
6 2 1 
6 2 10 
6 3 18 
6 4 26 
6 5 34 
6 6 42 
6 7 41 
6 8 40 
6 9 39 
6 10 2 
6 10 38 
6 11 37 
6 12 36 
6 13 35 
6 14 34 
6 15 33 
6 16 32 
6 17 31 
6 18 3 
6 18 30 
6 19 29 
6 20 28 
6 21 27 
6 22 26 
6 23 25 
6 24 24 
6 25 23 
6 26 4 
6 26 22 
6 27 21 
6 28 20 
6 29 19 
6 30 18 
6 31 17 
6 32 16 
6 33 15 
6 34 5 
6 34 14 
6 35 13 
6 36 12 
6 37 11 
6 38 10 
6 39 9 
6 40 8 
6 41 7 
6 42 6 
7 1 1 
7 2 9 
7 3 17 
7 4 25 
7 5 33 
7 6 41 
7 7 49 
7 8 48 
7 9 2 
7 9 47 
7 10 46 
7 11 45 
7 12 44 
7 13 43 
7 14 42 
7 15 41 
7 16 40 
7 17 3 
7 17 39 
7 18 38 
7 19 37 
7 20 36 
7 21 35 
7 22 34 
7 23 33 
7 24 32 
7 25 4 
7 25 31 
7 26 30 
7 27 29 
7 28 28 
7 29 27 
7 30 26 
7 31 25 
7 32 24 
7 33 5 
7 33 23 
7 34 22 
7 35 21 
7 36 20 
7 37 19 
7 38 18 
7 39 17 
7 40 16 
7 41 6 
7 41 15 
7 42 14 
7 43 13 
7 44 12 
7 45 11 
7 46 10 
7 47 9 
7 48 8 
7 49 7 
8 2 8 
8 3 16 
8 4 24 
8 5 32 
8 6 40 
8 7 48 
8 8 2 
8 8 56 
8 9 55 
8 10 54 
8 11 53 
8 12 52 
8 13 51 
8 14 50 
8 15 49 
8 16 3 
8 16 48 
8 17 47 
8 18 46 
8 19 45 
8 20 44 
8 21 43 
8 22 42 
8 23 41 
8 24 4 
8 24 40 
8 25 39 
8 26 38 
8 27 37 
8 28 36 
8 29 35 
8 30 34 
8 31 33 
8 32 5 
8 32 32 
8 33 31 
8 34 30 
8 35 29 
8 36 28 
8 37 27 
8 38 26 
8 39 25 
8 40 6 
8 40 24 
8 41 23 
8 42 22 
8 43 21 
8 44 20 
8 45 19 
8 46 18 
8 47 17 
8 48 7 
8 48 16 
8 49 15 
8 50 14 
8 51 13 
8 52 12 
8 53 11 
8 54 10 
8 55 9 
8 56 8 
9 2 7 
9 3 15 
9 4 23 
9 5 31 
9 6 39 
9 7 2 
9 7 47 
9 8 55 
9 9 63 
9 10 62 
9 11 61 
9 12 60 
9 13 59 
9 14 58 
9 15 3 
9 15 57 
9 16 56 
9 17 55 
9 18 54 
9 19 53 
9 20 52 
9 21 51 
9 22 50 
9 23 4 
9 23 49 
9 24 48 
9 25 47 
9 26 46 
9 27 45 
9 28 44 
9 29 43 
9 30 42 
9 31 5 
9 31 41 
9 32 40 
9 33 39 
9 34 38 
9 35 37 
9 36 36 
9 37 35 
9 38 34 
9 39 6 
9 39 33 
9 40 32 
9 41 31 
9 42 30 
9 43 29 
9 44 28 
9 45 27 
9 46 26 
9 47 7 
9 47 25 
9 48 24 
9 49 23 
9 50 22 
9 51 21 
9 52 20 
9 53 19 
9 54 18 
9 55 8 
9 55 17 
9 56 16 
9 57 15 
9 58 14 
9 59 13 
9 60 12 
9 61 11 
9 62 10 
9 63 9 
10 2 6 
10 3 14 
10 4 22 
10 5 30 
10 6 2 
10 6 38 
10 7 46 
10 8 54 
10 9 62 
10 10 70 
10 11 69 
10 12 68 
10 13 67 
10 14 3 
10 14 66 
10 15 65 
10 16 64 
10 17 63 
10 18 62 
10 19 61 
10 20 60 
10 21 59 
10 22 4 
10 22 58 
10 23 57 
10 24 56 
10 25 55 
10 26 54 
10 27 53 
10 28 52 
10 29 51 
10 30 5 
10 30 50 
10 31 49 
10 32 48 
10 33 47 
10 34 46 
10 35 45 
10 36 44 
10 37 43 
10 38 6 
10 38 42 
10 39 41 
10 40 40 
10 41 39 
10 42 38 
10 43 37 
10 44 36 
10 45 35 
10 46 7 
10 46 34 
10 47 33 
10 48 32 
10 49 31 
10 50 30 
10 51 29 
10 52 28 
10 53 27 
10 54 8 
10 54 26 
10 55 25 
10 56 24 
10 57 23 
10 58 22 
10 59 21 
10 60 20 
10 61 19 
10 62 9 
10 62 18 
10 63 17 
10 64 16 
10 65 15 
10 66 14 
10 67 13 
10 68 12 
10 69 11 
10 70 10 
11 2 5 
11 3 13 
11 4 21 
11 5 2 
11 5 29 
11 6 37 
11 7 45 
11 8 53 
11 9 61 
11 10 69 
11 11 77 
11 12 76 
11 13 3 
11 13 75 
11 14 74 
11 15 73 
11 16 72 
11 17 71 
11 18 70 
11 19 69 
11 20 68 
11 21 4 
11 21 67 
11 22 66 
11 23 65 
11 24 64 
11 25 63 
11 26 62 
11 27 61 
11 28 60 
11 29 5 
11 29 59 
11 30 58 
11 31 57 
11 32 56 
11 33 55 
11 34 54 
11 35 53 
11 36 52 
11 37 6 
11 37 51 
11 38 50 
11 39 49 
11 40 48 
11 41 47 
11 42 46 
11 43 45 
11 44 44 
11 45 7 
11 45 43 
11 46 42 
11 47 41 
11 48 40 
11 49 39 
11 50 38 
11 51 37 
11 52 36 
11 53 8 
11 53 35 
11 54 34 
11 55 33 
11 56 32 
11 57 31 
11 58 30 
11 59 29 
11 60 28 
11 61 9 
11 61 27 
11 62 26 
11 63 25 
11 64 24 
11 65 23 
11 66 22 
11 67 21 
11 68 20 
11 69 10 
11 69 19 
11 70 18 
11 71 17 
11 72 16 
11 73 15 
11 74 14 
11 75 13 
11 76 12 
11 77 11 
12 2 4 
12 3 12 
12 4 2 
12 4 20 
12 5 28 
12 6 36 
12 7 44 
12 8 52 
12 9 60 
12 10 68 
12 11 76 
12 12 3 
12 12 84 
12 13 83 
12 14 82 
12 15 81 
12 16 80 
12 17 79 
12 18 78 
12 19 77 
12 20 4 
12 20 76 
12 21 75 
12 22 74 
12 23 73 
12 24 72 
12 25 71 
12 26 70 
12 27 69 
12 28 5 
12 28 68 
12 29 67 
12 30 66 
12 31 65 
12 32 64 
12 33 63 
12 34 62 
12 35 61 
12 36 6 
12 36 60 
12 37 59 
12 38 58 
12 39 57 
12 40 56 
12 41 55 
12 42 54 
12 43 53 
12 44 7 
12 44 52 
12 45 51 
12 46 50 
12 47 49 
12 48 48 
12 49 47 
12 50 46 
12 51 45 
12 52 8 
12 52 44 
12 53 43 
12 54 42 
12 55 41 
12 56 40 
12 57 39 
12 58 38 
12 59 37 
12 60 9 
12 60 36 
12 61 35 
12 62 34 
12 63 33 
12 64 32 
12 65 31 
12 66 30 
12 67 29 
12 68 10 
12 68 28 
12 69 27 
12 70 26 
12 71 25 
12 72 24 
12 73 23 
12 74 22 
12 75 21 
12 76 11 
12 76 20 
12 77 19 
12 78 18 
12 79 17 
12 80 16 
12 81 15 
12 82 14 
12 83 13 
12 84 12 
13 2 3 
13 3 2 
13 3 11 
13 4 19 
13 5 27 
13 6 35 
13 7 43 
13 8 51 
13 9 59 
13 10 67 
13 11 3 
13 11 75 
13 12 83 
13 13 91 
13 14 90 
13 15 89 
13 16 88 
13 17 87 
13 18 86 
13 19 4 
13 19 85 
13 20 84 
13 21 83 
13 22 82 
13 23 81 
13 24 80 
13 25 79 
13 26 78 
13 27 5 
13 27 77 
13 28 76 
13 29 75 
13 30 74 
13 31 73 
13 32 72 
13 33 71 
13 34 70 
13 35 6 
13 35 69 
13 36 68 
13 37 67 
13 38 66 
13 39 65 
13 40 64 
13 41 63 
13 42 62 
13 43 7 
13 43 61 
13 44 60 
13 45 59 
13 46 58 
13 47 57 
13 48 56 
13 49 55 
13 50 54 
13 51 8 
13 51 53 
13 52 52 
13 53 51 
13 54 50 
13 55 49 
13 56 48 
13 57 47 
13 58 46 
13 59 9 
13 59 45 
13 60 44 
13 61 43 
13 62 42 
13 63 41 
13 64 40 
13 65 39 
13 66 38 
13 67 10 
13 67 37 
13 68 36 
13 69 35 
13 70 34 
13 71 33 
13 72 32 
13 73 31 
13 74 30 
13 75 11 
13 75 29 
13 76 28 
13 77 27 
13 78 26 
13 79 25 
13 80 24 
13 81 23 
13 82 22 
13 83 12 
13 83 21 
13 84 20 
13 85 19 
13 86 18 
13 87 17 
13 88 16 
13 89 15 
13 90 14 
13 91 13 
14 2 2 
14 3 10 
14 4 18 
14 5 26 
14 6 34 
14 7 42 
14 8 50 
14 9 58 
14 10 3 
14 10 66 
14 11 74 
14 12 82 
14 13 90 
14 14 98 
14 15 97 
14 16 96 
14 17 95 
14 18 4 
14 18 94 
14 19 93 
14 20 92 
14 21 91 
14 22 90 
14 23 89 
14 24 88 
14 25 87 
14 26 5 
14 26 86 
14 27 85 
14 28 84 
14 29 83 
14 30 82 
14 31 81 
14 32 80 
14 33 79 
14 34 6 
14 34 78 
14 35 77 
14 36 76 
14 37 75 
14 38 74 
14 39 73 
14 40 72 
14 41 71 
14 42 7 
14 42 70 
14 43 69 
14 44 68 
14 45 67 
14 46 66 
14 47 65 
14 48 64 
14 49 63 
14 50 8 
14 50 62 
14 51 61 
14 52 60 
14 53 59 
14 54 58 
14 55 57 
14 56 56 
14 57 55 
14 58 9 
14 58 54 
14 59 53 
14 60 52 
14 61 51 
14 62 50 
14 63 49 
14 64 48 
14 65 47 
14 66 10 
14 66 46 
14 67 45 
14 68 44 
14 69 43 
14 70 42 
14 71 41 
14 72 40 
14 73 39 
14 74 11 
14 74 38 
14 75 37 
14 76 36 
14 77 35 
14 78 34 
14 79 33 
14 80 32 
14 81 31 
14 82 12 
14 82 30 
14 83 29 
14 84 28 
14 85 27 
14 86 26 
14 87 25 
14 88 24 
14 89 23 
14 90 13 
14 90 22 
14 91 21 
14 92 20 
14 93 19 
14 94 18 
14 95 17 
14 96 16 
14 97 15 
14 98 14 
15 3 9 
15 4 17 
15 5 25 
15 6 33 
15 7 41 
15 8 49 
15 9 3 
15 9 57 
15 10 65 
15 11 73 
15 12 81 
15 13 89 
15 14 97 
15 17 4 
15 20 100 
15 21 99 
15 22 98 
15 23 97 
15 24 96 
15 25 5 
15 25 95 
15 26 94 
15 27 93 
15 28 92 
15 29 91 
15 30 90 
15 31 89 
15 32 88 
15 33 6 
15 33 87 
15 34 86 
15 35 85 
15 36 84 
15 37 83 
15 38 82 
15 39 81 
15 40 80 
15 41 7 
15 41 79 
15 42 78 
15 43 77 
15 44 76 
15 45 75 
15 46 74 
15 47 73 
15 48 72 
15 49 8 
15 49 71 
15 50 70 
15 51 69 
15 52 68 
15 53 67 
15 54 66 
15 55 65 
15 56 64 
15 57 9 
15 57 63 
15 58 62 
15 59 61 
15 60 60 
15 61 59 
15 62 58 
15 63 57 
15 64 56 
15 65 10 
15 65 55 
15 66 54 
15 67 53 
15 68 52 
15 69 51 
15 70 50 
15 71 49 
15 72 48 
15 73 11 
15 73 47 
15 74 46 
15 75 45 
15 76 44 
15 77 43 
15 78 42 
15 79 41 
15 80 40 
15 81 12 
15 81 39 
15 82 38 
15 83 37 
15 84 36 
15 85 35 
15 86 34 
15 87 33 
15 88 32 
15 89 13 
15 89 31 
15 90 30 
15 91 29 
15 92 28 
15 93 27 
15 94 26 
15 95 25 
15 96 24 
15 97 14 
15 97 23 
15 98 22 
15 99 21 
15 100 20 
16 3 8 
16 4 16 
16 5 24 
16 6 32 
16 7 40 
16 8 3 
16 8 48 
16 9 56 
16 10 64 
16 11 72 
16 12 80 
16 13 88 
16 14 96 
16 16 4 
16 24 5 
16 28 100 
16 29 99 
16 30 98 
16 31 97 
16 32 6 
16 32 96 
16 33 95 
16 34 94 
16 35 93 
16 36 92 
16 37 91 
16 38 90 
16 39 89 
16 40 7 
16 40 88 
16 41 87 
16 42 86 
16 43 85 
16 44 84 
16 45 83 
16 46 82 
16 47 81 
16 48 8 
16 48 80 
16 49 79 
16 50 78 
16 51 77 
16 52 76 
16 53 75 
16 54 74 
16 55 73 
16 56 9 
16 56 72 
16 57 71 
16 58 70 
16 59 69 
16 60 68 
16 61 67 
16 62 66 
16 63 65 
16 64 10 
16 64 64 
16 65 63 
16 66 62 
16 67 61 
16 68 60 
16 69 59 
16 70 58 
16 71 57 
16 72 11 
16 72 56 
16 73 55 
16 74 54 
16 75 53 
16 76 52 
16 77 51 
16 78 50 
16 79 49 
16 80 12 
16 80 48 
16 81 47 
16 82 46 
16 83 45 
16 84 44 
16 85 43 
16 86 42 
16 87 41 
16 88 13 
16 88 40 
16 89 39 
16 90 38 
16 91 37 
16 92 36 
16 93 35 
16 94 34 
16 95 33 
16 96 14 
16 96 32 
16 97 31 
16 98 30 
16 99 29 
16 100 28 
17 3 7 
17 4 15 
17 5 23 
17 6 31 
17 7 3 
17 7 39 
17 8 47 
17 9 55 
17 10 63 
17 11 71 
17 12 79 
17 13 87 
17 14 95 
17 15 4 
17 23 5 
17 31 6 
17 36 100 
17 37 99 
17 38 98 
17 39 7 
17 39 97 
17 40 96 
17 41 95 
17 42 94 
17 43 93 
17 44 92 
17 45 91 
17 46 90 
17 47 8 
17 47 89 
17 48 88 
17 49 87 
17 50 86 
17 51 85 
17 52 84 
17 53 83 
17 54 82 
17 55 9 
17 55 81 
17 56 80 
17 57 79 
17 58 78 
17 59 77 
17 60 76 
17 61 75 
17 62 74 
17 63 10 
17 63 73 
17 64 72 
17 65 71 
17 66 70 
17 67 69 
17 68 68 
17 69 67 
17 70 66 
17 71 11 
17 71 65 
17 72 64 
17 73 63 
17 74 62 
17 75 61 
17 76 60 
17 77 59 
17 78 58 
17 79 12 
17 79 57 
17 80 56 
17 81 55 
17 82 54 
17 83 53 
17 84 52 
17 85 51 
17 86 50 
17 87 13 
17 87 49 
17 88 48 
17 89 47 
17 90 46 
17 91 45 
17 92 44 
17 93 43 
17 94 42 
17 95 14 
17 95 41 
17 96 40 
17 97 39 
17 98 38 
17 99 37 
17 100 36 
18 3 6 
18 4 14 
18 5 22 
18 6 3 
18 6 30 
18 7 38 
18 8 46 
18 9 54 
18 10 62 
18 11 70 
18 12 78 
18 13 86 
18 14 4 
18 14 94 
18 22 5 
18 30 6 
18 38 7 
18 44 100 
18 45 99 
18 46 8 
18 46 98 
18 47 97 
18 48 96 
18 49 95 
18 50 94 
18 51 93 
18 52 92 
18 53 91 
18 54 9 
18 54 90 
18 55 89 
18 56 88 
18 57 87 
18 58 86 
18 59 85 
18 60 84 
18 61 83 
18 62 10 
18 62 82 
18 63 81 
18 64 80 
18 65 79 
18 66 78 
18 67 77 
18 68 76 
18 69 75 
18 70 11 
18 70 74 
18 71 73 
18 72 72 
18 73 71 
18 74 70 
18 75 69 
18 76 68 
18 77 67 
18 78 12 
18 78 66 
18 79 65 
18 80 64 
18 81 63 
18 82 62 
18 83 61 
18 84 60 
18 85 59 
18 86 13 
18 86 58 
18 87 57 
18 88 56 
18 89 55 
18 90 54 
18 91 53 
18 92 52 
18 93 51 
18 94 14 
18 94 50 
18 95 49 
18 96 48 
18 97 47 
18 98 46 
18 99 45 
18 100 44 
19 3 5 
19 4 13 
19 5 3 
19 5 21 
19 6 29 
19 7 37 
19 8 45 
19 9 53 
19 10 61 
19 11 69 
19 12 77 
19 13 4 
19 13 85 
19 14 93 
19 21 5 
19 29 6 
19 37 7 
19 45 8 
19 52 100 
19 53 9 
19 53 99 
19 54 98 
19 55 97 
19 56 96 
19 57 95 
19 58 94 
19 59 93 
19 60 92 
19 61 10 
19 61 91 
19 62 90 
19 63 89 
19 64 88 
19 65 87 
19 66 86 
19 67 85 
19 68 84 
19 69 11 
19 69 83 
19 70 82 
19 71 81 
19 72 80 
19 73 79 
19 74 78 
19 75 77 
19 76 76 
19 77 12 
19 77 75 
19 78 74 
19 79 73 
19 80 72 
19 81 71 
19 82 70 
19 83 69 
19 84 68 
19 85 13 
19 85 67 
19 86 66 
19 87 65 
19 88 64 
19 89 63 
19 90 62 
19 91 61 
19 92 60 
19 93 14 
19 93 59 
19 94 58 
19 95 57 
19 96 56 
19 97 55 
19 98 54 
19 99 53 
19 100 52 
20 3 4 
20 4 3 
20 4 12 
20 5 20 
20 6 28 
20 7 36 
20 8 44 
20 9 52 
20 10 60 
20 11 68 
20 12 4 
20 12 76 
20 13 84 
20 14 92 
20 15 100 
20 20 5 
20 28 6 
20 36 7 
20 44 8 
20 52 9 
20 60 10 
20 60 100 
20 61 99 
20 62 98 
20 63 97 
20 64 96 
20 65 95 
20 66 94 
20 67 93 
20 68 11 
20 68 92 
20 69 91 
20 70 90 
20 71 89 
20 72 88 
20 73 87 
20 74 86 
20 75 85 
20 76 12 
20 76 84 
20 77 83 
20 78 82 
20 79 81 
20 80 80 
20 81 79 
20 82 78 
20 83 77 
20 84 13 
20 84 76 
20 85 75 
20 86 74 
20 87 73 
20 88 72 
20 89 71 
20 90 70 
20 91 69 
20 92 14 
20 92 68 
20 93 67 
20 94 66 
20 95 65 
20 96 64 
20 97 63 
20 98 62 
20 99 61 
20 100 15 
20 100 60 
21 3 3 
21 4 11 
21 5 19 
21 6 27 
21 7 35 
21 8 43 
21 9 51 
21 10 59 
21 11 4 
21 11 67 
21 12 75 
21 13 83 
21 14 91 
21 15 99 
21 19 5 
21 27 6 
21 35 7 
21 43 8 
21 51 9 
21 59 10 
21 67 11 
21 68 100 
21 69 99 
21 70 98 
21 71 97 
21 72 96 
21 73 95 
21 74 94 
21 75 12 
21 75 93 
21 76 92 
21 77 91 
21 78 90 
21 79 89 
21 80 88 
21 81 87 
21 82 86 
21 83 13 
21 83 85 
21 84 84 
21 85 83 
21 86 82 
21 87 81 
21 88 80 
21 89 79 
21 90 78 
21 91 14 
21 91 77 
21 92 76 
21 93 75 
21 94 74 
21 95 73 
21 96 72 
21 97 71 
21 98 70 
21 99 15 
21 99 69 
21 100 68 
22 4 10 
22 5 18 
22 6 26 
22 7 34 
22 8 42 
22 9 50 
22 10 4 
22 10 58 
22 11 66 
22 12 74 
22 13 82 
22 14 90 
22 15 98 
22 18 5 
22 26 6 
22 34 7 
22 42 8 
22 50 9 
22 58 10 
22 66 11 
22 74 12 
22 76 100 
22 77 99 
22 78 98 
22 79 97 
22 80 96 
22 81 95 
22 82 13 
22 82 94 
22 83 93 
22 84 92 
22 85 91 
22 86 90 
22 87 89 
22 88 88 
22 89 87 
22 90 14 
22 90 86 
22 91 85 
22 92 84 
22 93 83 
22 94 82 
22 95 81 
22 96 80 
22 97 79 
22 98 15 
22 98 78 
22 99 77 
22 100 76 
23 4 9 
23 5 17 
23 6 25 
23 7 33 
23 8 41 
23 9 4 
23 9 49 
23 10 57 
23 11 65 
23 12 73 
23 13 81 
23 14 89 
23 15 97 
23 17 5 
23 25 6 
23 33 7 
23 41 8 
23 49 9 
23 57 10 
23 65 11 
23 73 12 
23 81 13 
23 84 100 
23 85 99 
23 86 98 
23 87 97 
23 88 96 
23 89 14 
23 89 95 
23 90 94 
23 91 93 
23 92 92 
23 93 91 
23 94 90 
23 95 89 
23 96 88 
23 97 15 
23 97 87 
23 98 86 
23 99 85 
23 100 84 
24 4 8 
24 5 16 
24 6 24 
24 7 32 
24 8 4 
24 8 40 
24 9 48 
24 10 56 
24 11 64 
24 12 72 
24 13 80 
24 14 88 
24 15 96 
24 16 5 
24 24 6 
24 32 7 
24 40 8 
24 48 9 
24 56 10 
24 64 11 
24 72 12 
24 80 13 
24 88 14 
24 92 100 
24 93 99 
24 94 98 
24 95 97 
24 96 15 
24 96 96 
24 97 95 
24 98 94 
24 99 93 
24 100 92 
25 4 7 
25 5 15 
25 6 23 
25 7 4 
25 7 31 
25 8 39 
25 9 47 
25 10 55 
25 11 63 
25 12 71 
25 13 79 
25 14 87 
25 15 5 
25 15 95 
25 23 6 
25 31 7 
25 39 8 
25 47 9 
25 55 10 
25 63 11 
25 71 12 
25 79 13 
25 87 14 
25 95 15 
25 100 100 
26 4 6 
26 5 14 
26 6 4 
26 6 22 
26 7 30 
26 8 38 
26 9 46 
26 10 54 
26 11 62 
26 12 70 
26 13 78 
26 14 5 
26 14 86 
26 15 94 
26 22 6 
26 30 7 
26 38 8 
26 46 9 
26 54 10 
26 62 11 
26 70 12 
26 78 13 
26 86 14 
26 94 15 
27 4 5 
27 5 4 
27 5 13 
27 6 21 
27 7 29 
27 8 37 
27 9 45 
27 10 53 
27 11 61 
27 12 69 
27 13 5 
27 13 77 
27 14 85 
27 15 93 
27 21 6 
27 29 7 
27 37 8 
27 45 9 
27 53 10 
27 61 11 
27 69 12 
27 77 13 
27 85 14 
27 93 15 
28 4 4 
28 5 12 
28 6 20 
28 7 28 
28 8 36 
28 9 44 
28 10 52 
28 11 60 
28 12 5 
28 12 68 
28 13 76 
28 14 84 
28 15 92 
28 16 100 
28 20 6 
28 28 7 
28 36 8 
28 44 9 
28 52 10 
28 60 11 
28 68 12 
28 76 13 
28 84 14 
28 92 15 
28 100 16 
29 5 11 
29 6 19 
29 7 27 
29 8 35 
29 9 43 
29 10 51 
29 11 5 
29 11 59 
29 12 67 
29 13 75 
29 14 83 
29 15 91 
29 16 99 
29 19 6 
29 27 7 
29 35 8 
29 43 9 
29 51 10 
29 59 11 
29 67 12 
29 75 13 
29 83 14 
29 91 15 
29 99 16 
30 5 10 
30 6 18 
30 7 26 
30 8 34 
30 9 42 
30 10 5 
30 10 50 
30 11 58 
30 12 66 
30 13 74 
30 14 82 
30 15 90 
30 16 98 
30 18 6 
30 26 7 
30 34 8 
30 42 9 
30 50 10 
30 58 11 
30 66 12 
30 74 13 
30 82 14 
30 90 15 
30 98 16 
31 5 9 
31 6 17 
31 7 25 
31 8 33 
31 9 5 
31 9 41 
31 10 49 
31 11 57 
31 12 65 
31 13 73 
31 14 81 
31 15 89 
31 16 97 
31 17 6 
31 25 7 
31 33 8 
31 41 9 
31 49 10 
31 57 11 
31 65 12 
31 73 13 
31 81 14 
31 89 15 
31 97 16 
32 5 8 
32 6 16 
32 7 24 
32 8 5 
32 8 32 
32 9 40 
32 10 48 
32 11 56 
32 12 64 
32 13 72 
32 14 80 
32 15 88 
32 16 6 
32 16 96 
32 24 7 
32 32 8 
32 40 9 
32 48 10 
32 56 11 
32 64 12 
32 72 13 
32 80 14 
32 88 15 
32 96 16 
33 5 7 
33 6 15 
33 7 5 
33 7 23 
33 8 31 
33 9 39 
33 10 47 
33 11 55 
33 12 63 
33 13 71 
33 14 79 
33 15 6 
33 15 87 
33 16 95 
33 23 7 
33 31 8 
33 39 9 
33 47 10 
33 55 11 
33 63 12 
33 71 13 
33 79 14 
33 87 15 
33 95 16 
34 5 6 
34 6 5 
34 6 14 
34 7 22 
34 8 30 
34 9 38 
34 10 46 
34 11 54 
34 12 62 
34 13 70 
34 14 6 
34 14 78 
34 15 86 
34 16 94 
34 22 7 
34 30 8 
34 38 9 
34 46 10 
34 54 11 
34 62 12 
34 70 13 
34 78 14 
34 86 15 
34 94 16 
35 5 5 
35 6 13 
35 7 21 
35 8 29 
35 9 37 
35 10 45 
35 11 53 
35 12 61 
35 13 6 
35 13 69 
35 14 77 
35 15 85 
35 16 93 
35 21 7 
35 29 8 
35 37 9 
35 45 10 
35 53 11 
35 61 12 
35 69 13 
35 77 14 
35 85 15 
35 93 16 
36 6 12 
36 7 20 
36 8 28 
36 9 36 
36 10 44 
36 11 52 
36 12 6 
36 12 60 
36 13 68 
36 14 76 
36 15 84 
36 16 92 
36 17 100 
36 20 7 
36 28 8 
36 36 9 
36 44 10 
36 52 11 
36 60 12 
36 68 13 
36 76 14 
36 84 15 
36 92 16 
36 100 17 
37 6 11 
37 7 19 
37 8 27 
37 9 35 
37 10 43 
37 11 6 
37 11 51 
37 12 59 
37 13 67 
37 14 75 
37 15 83 
37 16 91 
37 17 99 
37 19 7 
37 27 8 
37 35 9 
37 43 10 
37 51 11 
37 59 12 
37 67 13 
37 75 14 
37 83 15 
37 91 16 
37 99 17 
38 6 10 
38 7 18 
38 8 26 
38 9 34 
38 10 6 
38 10 42 
38 11 50 
38 12 58 
38 13 66 
38 14 74 
38 15 82 
38 16 90 
38 17 98 
38 18 7 
38 26 8 
38 34 9 
38 42 10 
38 50 11 
38 58 12 
38 66 13 
38 74 14 
38 82 15 
38 90 16 
38 98 17 
39 6 9 
39 7 17 
39 8 25 
39 9 6 
39 9 33 
39 10 41 
39 11 49 
39 12 57 
39 13 65 
39 14 73 
39 15 81 
39 16 89 
39 17 7 
39 17 97 
39 25 8 
39 33 9 
39 41 10 
39 49 11 
39 57 12 
39 65 13 
39 73 14 
39 81 15 
39 89 16 
39 97 17 
40 6 8 
40 7 16 
40 8 6 
40 8 24 
40 9 32 
40 10 40 
40 11 48 
40 12 56 
40 13 64 
40 14 72 
40 15 80 
40 16 7 
40 16 88 
40 17 96 
40 24 8 
40 32 9 
40 40 10 
40 48 11 
40 56 12 
40 64 13 
40 72 14 
40 80 15 
40 88 16 
40 96 17 
41 6 7 
41 7 6 
41 7 15 
41 8 23 
41 9 31 
41 10 39 
41 11 47 
41 12 55 
41 13 63 
41 14 71 
41 15 7 
41 15 79 
41 16 87 
41 17 95 
41 23 8 
41 31 9 
41 39 10 
41 47 11 
41 55 12 
41 63 13 
41 71 14 
41 79 15 
41 87 16 
41 95 17 
42 6 6 
42 7 14 
42 8 22 
42 9 30 
42 10 38 
42 11 46 
42 12 54 
42 13 62 
42 14 7 
42 14 70 
42 15 78 
42 16 86 
42 17 94 
42 22 8 
42 30 9 
42 38 10 
42 46 11 
42 54 12 
42 62 13 
42 70 14 
42 78 15 
42 86 16 
42 94 17 
43 7 13 
43 8 21 
43 9 29 
43 10 37 
43 11 45 
43 12 53 
43 13 7 
43 13 61 
43 14 69 
43 15 77 
43 16 85 
43 17 93 
43 21 8 
43 29 9 
43 37 10 
43 45 11 
43 53 12 
43 61 13 
43 69 14 
43 77 15 
43 85 16 
43 93 17 
44 7 12 
44 8 20 
44 9 28 
44 10 36 
44 11 44 
44 12 7 
44 12 52 
44 13 60 
44 14 68 
44 15 76 
44 16 84 
44 17 92 
44 18 100 
44 20 8 
44 28 9 
44 36 10 
44 44 11 
44 52 12 
44 60 13 
44 68 14 
44 76 15 
44 84 16 
44 92 17 
44 100 18 
45 7 11 
45 8 19 
45 9 27 
45 10 35 
45 11 7 
45 11 43 
45 12 51 
45 13 59 
45 14 67 
45 15 75 
45 16 83 
45 17 91 
45 18 99 
45 19 8 
45 27 9 
45 35 10 
45 43 11 
45 51 12 
45 59 13 
45 67 14 
45 75 15 
45 83 16 
45 91 17 
45 99 18 
46 7 10 
46 8 18 
46 9 26 
46 10 7 
46 10 34 
46 11 42 
46 12 50 
46 13 58 
46 14 66 
46 15 74 
46 16 82 
46 17 90 
46 18 8 
46 18 98 
46 26 9 
46 34 10 
46 42 11 
46 50 12 
46 58 13 
46 66 14 
46 74 15 
46 82 16 
46 90 17 
46 98 18 
47 7 9 
47 8 17 
47 9 7 
47 9 25 
47 10 33 
47 11 41 
47 12 49 
47 13 57 
47 14 65 
47 15 73 
47 16 81 
47 17 8 
47 17 89 
47 18 97 
47 25 9 
47 33 10 
47 41 11 
47 49 12 
47 57 13 
47 65 14 
47 73 15 
47 81 16 
47 89 17 
47 97 18 
48 7 8 
48 8 7 
48 8 16 
48 9 24 
48 10 32 
48 11 40 
48 12 48 
48 13 56 
48 14 64 
48 15 72 
48 16 8 
48 16 80 
48 17 88 
48 18 96 
48 24 9 
48 32 10 
48 40 11 
48 48 12 
48 56 13 
48 64 14 
48 72 15 
48 80 16 
48 88 17 
48 96 18 
49 7 7 
49 8 15 
49 9 23 
49 10 31 
49 11 39 
49 12 47 
49 13 55 
49 14 63 
49 15 8 
49 15 71 
49 16 79 
49 17 87 
49 18 95 
49 23 9 
49 31 10 
49 39 11 
49 47 12 
49 55 13 
49 63 14 
49 71 15 
49 79 16 
49 87 17 
49 95 18 
50 8 14 
50 9 22 
50 10 30 
50 11 38 
50 12 46 
50 13 54 
50 14 8 
50 14 62 
50 15 70 
50 16 78 
50 17 86 
50 18 94 
50 22 9 
50 30 10 
50 38 11 
50 46 12 
50 54 13 
50 62 14 
50 70 15 
50 78 16 
50 86 17 
50 94 18 
51 8 13 
51 9 21 
51 10 29 
51 11 37 
51 12 45 
51 13 8 
51 13 53 
51 14 61 
51 15 69 
51 16 77 
51 17 85 
51 18 93 
51 21 9 
51 29 10 
51 37 11 
51 45 12 
51 53 13 
51 61 14 
51 69 15 
51 77 16 
51 85 17 
51 93 18 
52 8 12 
52 9 20 
52 10 28 
52 11 36 
52 12 8 
52 12 44 
52 13 52 
52 14 60 
52 15 68 
52 16 76 
52 17 84 
52 18 92 
52 19 100 
52 20 9 
52 28 10 
52 36 11 
52 44 12 
52 52 13 
52 60 14 
52 68 15 
52 76 16 
52 84 17 
52 92 18 
52 100 19 
53 8 11 
53 9 19 
53 10 27 
53 11 8 
53 11 35 
53 12 43 
53 13 51 
53 14 59 
53 15 67 
53 16 75 
53 17 83 
53 18 91 
53 19 9 
53 19 99 
53 27 10 
53 35 11 
53 43 12 
53 51 13 
53 59 14 
53 67 15 
53 75 16 
53 83 17 
53 91 18 
53 99 19 
54 8 10 
54 9 18 
54 10 8 
54 10 26 
54 11 34 
54 12 42 
54 13 50 
54 14 58 
54 15 66 
54 16 74 
54 17 82 
54 18 9 
54 18 90 
54 19 98 
54 26 10 
54 34 11 
54 42 12 
54 50 13 
54 58 14 
54 66 15 
54 74 16 
54 82 17 
54 90 18 
54 98 19 
55 8 9 
55 9 8 
55 9 17 
55 10 25 
55 11 33 
55 12 41 
55 13 49 
55 14 57 
55 15 65 
55 16 73 
55 17 9 
55 17 81 
55 18 89 
55 19 97 
55 25 10 
55 33 11 
55 41 12 
55 49 13 
55 57 14 
55 65 15 
55 73 16 
55 81 17 
55 89 18 
55 97 19 
56 8 8 
56 9 16 
56 10 24 
56 11 32 
56 12 40 
56 13 48 
56 14 56 
56 15 64 
56 16 9 
56 16 72 
56 17 80 
56 18 88 
56 19 96 
56 24 10 
56 32 11 
56 40 12 
56 48 13 
56 56 14 
56 64 15 
56 72 16 
56 80 17 
56 88 18 
56 96 19 
57 9 15 
57 10 23 
57 11 31 
57 12 39 
57 13 47 
57 14 55 
57 15 9 
57 15 63 
57 16 71 
57 17 79 
57 18 87 
57 19 95 
57 23 10 
57 31 11 
57 39 12 
57 47 13 
57 55 14 
57 63 15 
57 71 16 
57 79 17 
57 87 18 
57 95 19 
58 9 14 
58 10 22 
58 11 30 
58 12 38 
58 13 46 
58 14 9 
58 14 54 
58 15 62 
58 16 70 
58 17 78 
58 18 86 
58 19 94 
58 22 10 
58 30 11 
58 38 12 
58 46 13 
58 54 14 
58 62 15 
58 70 16 
58 78 17 
58 86 18 
58 94 19 
59 9 13 
59 10 21 
59 11 29 
59 12 37 
59 13 9 
59 13 45 
59 14 53 
59 15 61 
59 16 69 
59 17 77 
59 18 85 
59 19 93 
59 21 10 
59 29 11 
59 37 12 
59 45 13 
59 53 14 
59 61 15 
59 69 16 
59 77 17 
59 85 18 
59 93 19 
60 9 12 
60 10 20 
60 11 28 
60 12 9 
60 12 36 
60 13 44 
60 14 52 
60 15 60 
60 16 68 
60 17 76 
60 18 84 
60 19 92 
60 20 10 
60 20 100 
60 28 11 
60 36 12 
60 44 13 
60 52 14 
60 60 15 
60 68 16 
60 76 17 
60 84 18 
60 92 19 
60 100 20 
61 9 11 
61 10 19 
61 11 9 
61 11 27 
61 12 35 
61 13 43 
61 14 51 
61 15 59 
61 16 67 
61 17 75 
61 18 83 
61 19 10 
61 19 91 
61 20 99 
61 27 11 
61 35 12 
61 43 13 
61 51 14 
61 59 15 
61 67 16 
61 75 17 
61 83 18 
61 91 19 
61 99 20 
62 9 10 
62 10 9 
62 10 18 
62 11 26 
62 12 34 
62 13 42 
62 14 50 
62 15 58 
62 16 66 
62 17 74 
62 18 10 
62 18 82 
62 19 90 
62 20 98 
62 26 11 
62 34 12 
62 42 13 
62 50 14 
62 58 15 
62 66 16 
62 74 17 
62 82 18 
62 90 19 
62 98 20 
63 9 9 
63 10 17 
63 11 25 
63 12 33 
63 13 41 
63 14 49 
63 15 57 
63 16 65 
63 17 10 
63 17 73 
63 18 81 
63 19 89 
63 20 97 
63 25 11 
63 33 12 
63 41 13 
63 49 14 
63 57 15 
63 65 16 
63 73 17 
63 81 18 
63 89 19 
63 97 20 
64 10 16 
64 11 24 
64 12 32 
64 13 40 
64 14 48 
64 15 56 
64 16 10 
64 16 64 
64 17 72 
64 18 80 
64 19 88 
64 20 96 
64 24 11 
64 32 12 
64 40 13 
64 48 14 
64 56 15 
64 64 16 
64 72 17 
64 80 18 
64 88 19 
64 96 20 
65 10 15 
65 11 23 
65 12 31 
65 13 39 
65 14 47 
65 15 10 
65 15 55 
65 16 63 
65 17 71 
65 18 79 
65 19 87 
65 20 95 
65 23 11 
65 31 12 
65 39 13 
65 47 14 
65 55 15 
65 63 16 
65 71 17 
65 79 18 
65 87 19 
65 95 20 
66 10 14 
66 11 22 
66 12 30 
66 13 38 
66 14 10 
66 14 46 
66 15 54 
66 16 62 
66 17 70 
66 18 78 
66 19 86 
66 20 94 
66 22 11 
66 30 12 
66 38 13 
66 46 14 
66 54 15 
66 62 16 
66 70 17 
66 78 18 
66 86 19 
66 94 20 
67 10 13 
67 11 21 
67 12 29 
67 13 10 
67 13 37 
67 14 45 
67 15 53 
67 16 61 
67 17 69 
67 18 77 
67 19 85 
67 20 93 
67 21 11 
67 29 12 
67 37 13 
67 45 14 
67 53 15 
67 61 16 
67 69 17 
67 77 18 
67 85 19 
67 93 20 
68 10 12 
68 11 20 
68 12 10 
68 12 28 
68 13 36 
68 14 44 
68 15 52 
68 16 60 
68 17 68 
68 18 76 
68 19 84 
68 20 11 
68 20 92 
68 21 100 
68 28 12 
68 36 13 
68 44 14 
68 52 15 
68 60 16 
68 68 17 
68 76 18 
68 84 19 
68 92 20 
68 100 21 
69 10 11 
69 11 10 
69 11 19 
69 12 27 
69 13 35 
69 14 43 
69 15 51 
69 16 59 
69 17 67 
69 18 75 
69 19 11 
69 19 83 
69 20 91 
69 21 99 
69 27 12 
69 35 13 
69 43 14 
69 51 15 
69 59 16 
69 67 17 
69 75 18 
69 83 19 
69 91 20 
69 99 21 
70 10 10 
70 11 18 
70 12 26 
70 13 34 
70 14 42 
70 15 50 
70 16 58 
70 17 66 
70 18 11 
70 18 74 
70 19 82 
70 20 90 
70 21 98 
70 26 12 
70 34 13 
70 42 14 
70 50 15 
70 58 16 
70 66 17 
70 74 18 
70 82 19 
70 90 20 
70 98 21 
71 11 17 
71 12 25 
71 13 33 
71 14 41 
71 15 49 
71 16 57 
71 17 11 
71 17 65 
71 18 73 
71 19 81 
71 20 89 
71 21 97 
71 25 12 
71 33 13 
71 41 14 
71 49 15 
71 57 16 
71 65 17 
71 73 18 
71 81 19 
71 89 20 
71 97 21 
72 11 16 
72 12 24 
72 13 32 
72 14 40 
72 15 48 
72 16 11 
72 16 56 
72 17 64 
72 18 72 
72 19 80 
72 20 88 
72 21 96 
72 24 12 
72 32 13 
72 40 14 
72 48 15 
72 56 16 
72 64 17 
72 72 18 
72 80 19 
72 88 20 
72 96 21 
73 11 15 
73 12 23 
73 13 31 
73 14 39 
73 15 11 
73 15 47 
73 16 55 
73 17 63 
73 18 71 
73 19 79 
73 20 87 
73 21 95 
73 23 12 
73 31 13 
73 39 14 
73 47 15 
73 55 16 
73 63 17 
73 71 18 
73 79 19 
73 87 20 
73 95 21 
74 11 14 
74 12 22 
74 13 30 
74 14 11 
74 14 38 
74 15 46 
74 16 54 
74 17 62 
74 18 70 
74 19 78 
74 20 86 
74 21 94 
74 22 12 
74 30 13 
74 38 14 
74 46 15 
74 54 16 
74 62 17 
74 70 18 
74 78 19 
74 86 20 
74 94 21 
75 11 13 
75 12 21 
75 13 11 
75 13 29 
75 14 37 
75 15 45 
75 16 53 
75 17 61 
75 18 69 
75 19 77 
75 20 85 
75 21 12 
75 21 93 
75 29 13 
75 37 14 
75 45 15 
75 53 16 
75 61 17 
75 69 18 
75 77 19 
75 85 20 
75 93 21 
76 11 12 
76 12 11 
76 12 20 
76 13 28 
76 14 36 
76 15 44 
76 16 52 
76 17 60 
76 18 68 
76 19 76 
76 20 12 
76 20 84 
76 21 92 
76 22 100 
76 28 13 
76 36 14 
76 44 15 
76 52 16 
76 60 17 
76 68 18 
76 76 19 
76 84 20 
76 92 21 
76 100 22 
77 11 11 
77 12 19 
77 13 27 
77 14 35 
77 15 43 
77 16 51 
77 17 59 
77 18 67 
77 19 12 
77 19 75 
77 20 83 
77 21 91 
77 22 99 
77 27 13 
77 35 14 
77 43 15 
77 51 16 
77 59 17 
77 67 18 
77 75 19 
77 83 20 
77 91 21 
77 99 22 
78 12 18 
78 13 26 
78 14 34 
78 15 42 
78 16 50 
78 17 58 
78 18 12 
78 18 66 
78 19 74 
78 20 82 
78 21 90 
78 22 98 
78 26 13 
78 34 14 
78 42 15 
78 50 16 
78 58 17 
78 66 18 
78 74 19 
78 82 20 
78 90 21 
78 98 22 
79 12 17 
79 13 25 
79 14 33 
79 15 41 
79 16 49 
79 17 12 
79 17 57 
79 18 65 
79 19 73 
79 20 81 
79 21 89 
79 22 97 
79 25 13 
79 33 14 
79 41 15 
79 49 16 
79 57 17 
79 65 18 
79 73 19 
79 81 20 
79 89 21 
79 97 22 
80 12 16 
80 13 24 
80 14 32 
80 15 40 
80 16 12 
80 16 48 
80 17 56 
80 18 64 
80 19 72 
80 20 80 
80 21 88 
80 22 96 
80 24 13 
80 32 14 
80 40 15 
80 48 16 
80 56 17 
80 64 18 
80 72 19 
80 80 20 
80 88 21 
80 96 22 
81 12 15 
81 13 23 
81 14 31 
81 15 12 
81 15 39 
81 16 47 
81 17 55 
81 18 63 
81 19 71 
81 20 79 
81 21 87 
81 22 95 
81 23 13 
81 31 14 
81 39 15 
81 47 16 
81 55 17 
81 63 18 
81 71 19 
81 79 20 
81 87 21 
81 95 22 
82 12 14 
82 13 22 
82 14 12 
82 14 30 
82 15 38 
82 16 46 
82 17 54 
82 18 62 
82 19 70 
82 20 78 
82 21 86 
82 22 13 
82 22 94 
82 30 14 
82 38 15 
82 46 16 
82 54 17 
82 62 18 
82 70 19 
82 78 20 
82 86 21 
82 94 22 
83 12 13 
83 13 12 
83 13 21 
83 14 29 
83 15 37 
83 16 45 
83 17 53 
83 18 61 
83 19 69 
83 20 77 
83 21 13 
83 21 85 
83 22 93 
83 29 14 
83 37 15 
83 45 16 
83 53 17 
83 61 18 
83 69 19 
83 77 20 
83 85 21 
83 93 22 
84 12 12 
84 13 20 
84 14 28 
84 15 36 
84 16 44 
84 17 52 
84 18 60 
84 19 68 
84 20 13 
84 20 76 
84 21 84 
84 22 92 
84 23 100 
84 28 14 
84 36 15 
84 44 16 
84 52 17 
84 60 18 
84 68 19 
84 76 20 
84 84 21 
84 92 22 
84 100 23 
85 13 19 
85 14 27 
85 15 35 
85 16 43 
85 17 51 
85 18 59 
85 19 13 
85 19 67 
85 20 75 
85 21 83 
85 22 91 
85 23 99 
85 27 14 
85 35 15 
85 43 16 
85 51 17 
85 59 18 
85 67 19 
85 75 20 
85 83 21 
85 91 22 
85 99 23 
86 13 18 
86 14 26 
86 15 34 
86 16 42 
86 17 50 
86 18 13 
86 18 58 
86 19 66 
86 20 74 
86 21 82 
86 22 90 
86 23 98 
86 26 14 
86 34 15 
86 42 16 
86 50 17 
86 58 18 
86 66 19 
86 74 20 
86 82 21 
86 90 22 
86 98 23 
87 13 17 
87 14 25 
87 15 33 
87 16 41 
87 17 13 
87 17 49 
87 18 57 
87 19 65 
87 20 73 
87 21 81 
87 22 89 
87 23 97 
87 25 14 
87 33 15 
87 41 16 
87 49 17 
87 57 18 
87 65 19 
87 73 20 
87 81 21 
87 89 22 
87 97 23 
88 13 16 
88 14 24 
88 15 32 
88 16 13 
88 16 40 
88 17 48 
88 18 56 
88 19 64 
88 20 72 
88 21 80 
88 22 88 
88 23 96 
88 24 14 
88 32 15 
88 40 16 
88 48 17 
88 56 18 
88 64 19 
88 72 20 
88 80 21 
88 88 22 
88 96 23 
89 13 15 
89 14 23 
89 15 13 
89 15 31 
89 16 39 
89 17 47 
89 18 55 
89 19 63 
89 20 71 
89 21 79 
89 22 87 
89 23 14 
89 23 95 
89 31 15 
89 39 16 
89 47 17 
89 55 18 
89 63 19 
89 71 20 
89 79 21 
89 87 22 
89 95 23 
90 13 14 
90 14 13 
90 14 22 
90 15 30 
90 16 38 
90 17 46 
90 18 54 
90 19 62 
90 20 70 
90 21 78 
90 22 14 
90 22 86 
90 23 94 
90 30 15 
90 38 16 
90 46 17 
90 54 18 
90 62 19 
90 70 20 
90 78 21 
90 86 22 
90 94 23 
91 13 13 
91 14 21 
91 15 29 
91 16 37 
91 17 45 
91 18 53 
91 19 61 
91 20 69 
91 21 14 
91 21 77 
91 22 85 
91 23 93 
91 29 15 
91 37 16 
91 45 17 
91 53 18 
91 61 19 
91 69 20 
91 77 21 
91 85 22 
91 93 23 
92 14 20 
92 15 28 
92 16 36 
92 17 44 
92 18 52 
92 19 60 
92 20 14 
92 20 68 
92 21 76 
92 22 84 
92 23 92 
92 24 100 
92 28 15 
92 36 16 
92 44 17 
92 52 18 
92 60 19 
92 68 20 
92 76 21 
92 84 22 
92 92 23 
92 100 24 
93 14 19 
93 15 27 
93 16 35 
93 17 43 
93 18 51 
93 19 14 
93 19 59 
93 20 67 
93 21 75 
93 22 83 
93 23 91 
93 24 99 
93 27 15 
93 35 16 
93 43 17 
93 51 18 
93 59 19 
93 67 20 
93 75 21 
93 83 22 
93 91 23 
93 99 24 
94 14 18 
94 15 26 
94 16 34 
94 17 42 
94 18 14 
94 18 50 
94 19 58 
94 20 66 
94 21 74 
94 22 82 
94 23 90 
94 24 98 
94 26 15 
94 34 16 
94 42 17 
94 50 18 
94 58 19 
94 66 20 
94 74 21 
94 82 22 
94 90 23 
94 98 24 
95 14 17 
95 15 25 
95 16 33 
95 17 14 
95 17 41 
95 18 49 
95 19 57 
95 20 65 
95 21 73 
95 22 81 
95 23 89 
95 24 97 
95 25 15 
95 33 16 
95 41 17 
95 49 18 
95 57 19 
95 65 20 
95 73 21 
95 81 22 
95 89 23 
95 97 24 
96 14 16 
96 15 24 
96 16 14 
96 16 32 
96 17 40 
96 18 48 
96 19 56 
96 20 64 
96 21 72 
96 22 80 
96 23 88 
96 24 15 
96 24 96 
96 32 16 
96 40 17 
96 48 18 
96 56 19 
96 64 20 
96 72 21 
96 80 22 
96 88 23 
96 96 24 
97 14 15 
97 15 14 
97 15 23 
97 16 31 
97 17 39 
97 18 47 
97 19 55 
97 20 63 
97 21 71 
97 22 79 
97 23 15 
97 23 87 
97 24 95 
97 31 16 
97 39 17 
97 47 18 
97 55 19 
97 63 20 
97 71 21 
97 79 22 
97 87 23 
97 95 24 
98 14 14 
98 15 22 
98 16 30 
98 17 38 
98 18 46 
98 19 54 
98 20 62 
98 21 70 
98 22 15 
98 22 78 
98 23 86 
98 24 94 
98 30 16 
98 38 17 
98 46 18 
98 54 19 
98 62 20 
98 70 21 
98 78 22 
98 86 23 
98 94 24 
99 15 21 
99 16 29 
99 17 37 
99 18 45 
99 19 53 
99 20 61 
99 21 15 
99 21 69 
99 22 77 
99 23 85 
99 24 93 
99 29 16 
99 37 17 
99 45 18 
99 53 19 
99 61 20 
99 69 21 
99 77 22 
99 85 23 
99 93 24 
100 15 20 
100 16 28 
100 17 36 
100 18 44 
100 19 52 
100 20 15 
100 20 60 
100 21 68 
100 22 76 
100 23 84 
100 24 92 
100 25 100 
100 28 16 
100 36 17 
100 44 18 
100 52 19 
100 60 20 
100 68 21 
100 76 22 
100 84 23 
100 92 24 
100 100 25